	DBS10_GRCh37	DBS10_GRCh38	DBS10_mm9	DBS10_mm10	DBS10_rn6
AC>CA	0.00963041738228935	0.00958964366413706	0.0107605899999433	0.0107608534040435	0.0103236806526879
AC>CG	1.77007671512483e-05	1.76258248032425e-05	1.97780314640701e-05	1.97785156024475e-05	1.89749893616381e-05
AC>CT	0.0135005851153589	0.0134434256973884	0.0150849392522569	0.0150853085103414	0.0144724495131138
AC>GA	0.00535023187904964	0.00532757981340948	0.00597810555552403	0.00597825189113528	0.00573537814038215
AC>GG	0.000590025571708278	0.000587527493441419	0.000659267715469006	0.000659283853414919	0.000632499645387938
AC>GT	0.0287012439119112	0.0285797272233369	0.0320694634473907	0.0320702484627258	0.0307673556315828
AC>TA	0.000105004550897236	0.000104559977646354	0.000117327305295332	0.000117330177302655	0.000112563496213108
AC>TG	7.66033199878883e-06	7.62789932162927e-06	8.55930627202133e-06	8.55951579179369e-06	8.21177505707052e-06
AC>TT	0.000710030772733691	0.000707024610751539	0.000793356064377956	0.000793375484617954	0.000761143641060062
AT>CA	0.00353015299683088	0.00349709402696314	0.00354825537553979	0.00354830110278758	0.00330426401663734
AT>CC	0.00116005027657899	0.00114918670574427	0.00116599893360515	0.00116601396012283	0.00108582047005647
AT>CG	0.00259011225546515	0.00256585652403245	0.00260339417072183	0.00260342772130873	0.00242437501503986
AT>GA	8.0603493355402e-05	7.98486624853342e-05	8.10168224556677e-05	8.10178665395691e-05	7.5445801626337e-05
AT>GC	0.00408017683486402	0.00404196703399706	0.00410109969750774	0.00410115254939754	0.0038190926877848
AT>TA	0.00293012699170382	0.00290268711019887	0.00294515247884747	0.00294519043375853	0.00274263273902193
CC>AA	0.0137005937837346	0.0135043760749618	0.0145465594627212	0.014546834876626	0.0137930274934731
CC>AG	7.13030902759326e-05	7.02818988426843e-05	7.5705816765841e-05	7.57072501243383e-05	7.17841503857396e-05
CC>AT	0.0105004550897236	0.0103500692545328	0.0111488229458812	0.0111490340295309	0.0105712984439028
CC>GA	0.0033901469289679	0.003341593787892	0.00359947712252736	0.0035995452723914	0.0034130192118886
CC>GG	7.41032116331922e-18	7.30419173105597e-18	7.8678836218076e-18	7.86803258655465e-18	7.46031633041137e-18
CC>GT	0.00108004680922871	0.00106457855189479	0.00114673607443349	0.0011467577858946	0.00108733355422999
CC>TA	0.0239010358708947	0.0235587290650793	0.0253768446101487	0.0253773250767418	0.0240622888389787
CC>TG	7.41032116331922e-18	7.30419173105597e-18	7.8678836218076e-18	7.86803258655465e-18	7.46031633041137e-18
CC>TT	0.0206008928426958	0.0203058501565119	0.0218729288271574	0.0218733429531749	0.0207398807566092
CG>AT	7.41032116331922e-18	7.47530854576301e-18	6.61398543895751e-18	6.61362502836214e-18	7.39023980532532e-18
CG>GC	1.90008234956903e-05	1.91674578096487e-05	1.6958937022968e-05	1.69580128932362e-05	1.89493328341675e-05
CG>GT	1.02004420871601e-05	1.02898984030746e-05	9.10427145443548e-06	9.10377534268476e-06	1.01727997320268e-05
CG>TA	0.35801551639248	0.361155257676539	0.319542076538028	0.319524663988346	0.357045323927997
CG>TC	0.00265011485597786	0.00267335595766154	0.00236532542688764	0.00236519653510927	0.00264293326371283
CG>TT	0.00777033676639546	0.00783848143057741	0.00693531266676112	0.00693493474633925	0.00774927979586744
CT>AA	0.00393017033358226	0.00390949072973925	0.00436189798511303	0.0043619737988441	0.00408208424651653
CT>AC	0.0130005634444197	0.0129321576301807	0.0144286701797632	0.0144289209630976	0.0135030776602328
CT>AG	0.0265011485597786	0.0263617059384453	0.0294122892125942	0.0294128004247758	0.0275255044612438
CT>GA	7.41032116331922e-18	7.37132984920301e-18	8.22434200246503e-18	8.2244849489656e-18	7.69675426633269e-18
CT>GC	7.41032116331922e-18	7.37132984920301e-18	8.22434200246503e-18	8.2244849489656e-18	7.69675426633269e-18
CT>GG	7.41032116331922e-18	7.37132984920301e-18	8.22434200246503e-18	8.2244849489656e-18	7.69675426633269e-18
CT>TA	0.0040301746677701	0.00400896886535602	0.00447288775572659	0.00447296549856023	0.00418595407467216
CT>TC	0.0027501191901657	0.0027356487294613	0.00305221869187298	0.00305227174219371	0.00285642027428001
CT>TG	0.0457019807238446	0.0454615079768661	0.0507223251703984	0.0507232067702737	0.0474685114671261
GC>AA	0.00408017683486402	0.00403628581338043	0.00413182183995889	0.00413179406470316	0.0038952288543987
GC>AG	7.41032116331922e-18	7.33060732283065e-18	7.50411760639593e-18	7.50406716163e-18	7.07442299291528e-18
GC>AT	0.00775033589955789	0.00766696447394568	0.00784843609305917	0.0078483833336886	0.00739902539744851
GC>CA	0.000105004550897236	0.000103875002550232	0.00010633365029306	0.000106332935488684	0.000100244860223496
GC>CG	7.41032116331922e-18	7.33060732283065e-18	7.50411760639593e-18	7.50406716163e-18	7.07442299291528e-18
GC>TA	0.00281012179067841	0.00277989292539192	0.00284569102212855	0.00284567189260193	0.00268274340217165
TA>AT	0.0104004507555357	0.010258772260155	0.0106399221725309	0.0106397550575072	0.00989582836709595
TA>CG	0.00411017813512038	0.0040541878835805	0.00420481539702907	0.00420474935445718	0.00391075524891967
TA>CT	0.00162007021384307	0.00159800106360107	0.00165737249225964	0.00165734646088093	0.00154146557256688
TA>GC	7.41032116331922e-18	7.30937523536046e-18	7.58094454792833e-18	7.58082547847389e-18	7.0507777115559e-18
TA>GG	0.00859037230673578	0.00847335131872421	0.00878816648673473	0.0087880284561526	0.00817357362243795
TA>GT	0.00361015646418116	0.00356097767876535	0.00369328067719585	0.0036932226690001	0.00343499426973236
TC>AA	0.00756032766460099	0.00755909218025223	0.00836634071342167	0.00836663065965266	0.0079144959108383
TC>AG	0.000271011745649056	0.000270967457784173	0.000299904541446728	0.00029991493502194	0.000283707459237721
TC>AT	0.00309013392640437	0.00308962894669039	0.00341957576778743	0.00341969427755644	0.00323489316990613
TC>CA	0.0252010922153366	0.0251969739341741	0.0278878023780722	0.0278887688655088	0.0263816530361276
TC>CG	0.000842036493861644	0.000841898890975182	0.00093180673025146	0.0009318390232047	0.000881482216524582
TC>CT	0.0262011355572151	0.0261968538521969	0.0289944612025989	0.0289954660427116	0.0274285440296248
TC>GA	0.0438018983742756	0.0437947404093979	0.0484716565142684	0.0484733363614797	0.0458538255151743
TC>GG	7.41032116331922e-18	7.40911019254881e-18	8.20034188974267e-18	8.20062608307224e-18	7.75746226181372e-18
TC>GT	0.0459019893922203	0.0458944882372457	0.0507956400457744	0.0507974004336054	0.0480522966015182
TG>AA	0.00142006154546738	0.00141222197884899	0.00154049997063256	0.00154054893440184	0.00145518887689914
TG>AC	0.000207008971768837	0.000205866161705451	0.000224565840789396	0.000224572978465621	0.000212129646139523
TG>AT	0.00250010835469609	0.00248630630079047	0.00271214783562071	0.00271223403943985	0.00256195224806186
TG>CA	0.0292012655828504	0.0290400575932327	0.03167788672005	0.0316788935806576	0.0299236022573626
TG>CC	0.000190008234956903	0.000188959278860076	0.000206123235507174	0.000206129786997429	0.000194708370852701
TG>CT	0.00433018767033363	0.00430628251296909	0.00469744005129507	0.00469758935630983	0.00443730129364314
TG>GA	2.02008755059444e-05	2.0089354910387e-05	2.19141545118153e-05	2.1914851038674e-05	2.07005741643398e-05
TG>GC	7.41032116331922e-18	7.36941187554295e-18	8.03880618477979e-18	8.03906169289974e-18	7.59362646325536e-18
TG>GT	0.00217009405187621	0.00215811386908613	0.00235414432131878	0.0023542191462338	0.0022237745513177
TT>AA	0.0145006284572373	0.0144529513067107	0.0142220805883719	0.0142226591951383	0.0133085378998975
TT>AC	7.41032116331922e-18	7.38595649536045e-18	7.26797359723006e-18	7.26826928523965e-18	6.80112178194763e-18
TT>AG	0.00696030165947392	0.00693741662722115	0.00682659868241852	0.00682687641366639	0.0063880981919508
TT>CA	0.00129005591102318	0.00128581428866599	0.00126527475579308	0.00126532623184334	0.00118400095799088
TT>CC	0.0028801248246099	0.00287065515609151	0.00282479945479387	0.00282491437806885	0.00264335097597964
TT>CG	0.00858037187331699	0.00855216015252263	0.00841554837574007	0.00841589075133012	0.00787498311593936
TT>GA	0.00869037664092362	0.00866180323140112	0.00852344002158289	0.00852378678660359	0.00797594443793858
TT>GC	0.0258011182204637	0.0257162857733198	0.0253054951158618	0.0253065246368668	0.0236800191598177
TT>GG	0.0847036710571036	0.0844251707364413	0.0830765672989724	0.0830799471605666	0.0777402179394013
