	DBS7_GRCh37	DBS7_GRCh38	DBS7_mm9	DBS7_mm10	DBS7_rn6
AC>CA	0.0458801320676095	0.0459320112885566	0.0500850051830904	0.050084885281999	0.0512121559174399
AC>CG	0.00624729467151545	0.00625435883558777	0.00681985364693496	0.00681983732053362	0.00697333277742918
AC>CT	0.0135941132052176	0.013609484826239	0.0148400015357305	0.0148399660094811	0.0151739721236859
AC>GA	0.00972578834461525	0.00973678583524305	0.0106171481575484	0.0106171227406067	0.0108560844679017
AC>GG	0.00253890055450388	0.00254177143078287	0.00277158852211437	0.00277158188706487	0.00283396244074722
AC>GT	0.00449805216349112	0.00450313836162319	0.00491029462579317	0.0049102828707842	0.00502079959974901
AC>TA	0.0054176539391382	0.00542377998222172	0.005914177082622	0.00591416292436676	0.00604727418458659
AC>TG	0.000997568013147587	0.000998696018866657	0.00108899423034258	0.00108899162334281	0.00111350177789989
AC>TT	0.00117948923398212	0.00118082294815897	0.00128758836854132	0.00128758528611675	0.00131656522837863
AT>CA	0.0110951953366114	0.0110505063255381	0.0108955305613972	0.0108953781875669	0.0108137198245058
AT>CC	0.00625729034298987	0.00623208735115937	0.00614468660489609	0.00614460067154673	0.00609854829742398
AT>CG	0.00110951953366114	0.00110505063255381	0.00108955305613972	0.00108953781875669	0.00108137198245058
AT>GA	0.0143937669231716	0.0143357919898874	0.0141347423499207	0.0141345446757625	0.0140286095020616
AT>GC	0.00928597879974056	0.00924857691569817	0.00911887197435858	0.00911874444707175	0.00905040154681611
AT>TA	0.033985283013044	0.0338483977539007	0.0333736972150906	0.0333732304844391	0.0331231057687564
CC>AA	9.03608701287993e-18	8.95465754871779e-18	9.37331884463094e-18	9.37324442865412e-18	9.4723898549218e-18
CC>AG	8.29640732377251e-05	8.22164354583603e-05	8.60603389495982e-05	8.60596557055634e-05	8.69699511016051e-05
CC>AT	0.000851631209620986	0.000843956662777386	0.000883414563675394	0.000883407550134218	0.000892751787211658
CC>GA	0.000301869278527626	0.000299148957932828	0.000313135209190104	0.00031313272316964	0.000316444882321503
CC>GG	0.00204911265225707	0.00203064689987517	0.00212558668489972	0.00212556980959524	0.00214805300913604
CC>GT	0.000162929445033123	0.000161461192526659	0.000169010063238368	0.000169008721445866	0.000170796409994719
CC>TA	9.03608701287993e-18	8.95465754871779e-18	9.37331884463094e-18	9.37324442865412e-18	9.4723898549218e-18
CC>TG	0.000235897846796423	0.000233772033351482	0.000244701686651869	0.000244699743933891	0.000247288053734684
CC>TT	9.03608701287993e-18	8.95465754871779e-18	9.37331884463094e-18	9.37324442865412e-18	9.4723898549218e-18
CG>AT	6.20731198561775e-05	6.2954837882978e-05	5.41279858702086e-05	5.41235818755068e-05	6.44590680225012e-05
CG>GC	0.000186919056571742	0.000189574149502687	0.000162994095937665	0.000162980834311107	0.000194103795816549
CG>GT	2.06910399520592e-05	2.09849459609927e-05	1.80426619567362e-05	1.80411939585023e-05	2.14863560075004e-05
CG>TA	9.03608701287993e-18	9.16444016847213e-18	7.87950068062294e-18	7.87885958380967e-18	9.38341344482143e-18
CG>TC	4.86789200804484e-05	4.93703801111276e-05	4.24481950383117e-05	4.24447413419836e-05	5.05500259693367e-05
CG>TT	3.12864517149494e-05	3.17308603178295e-05	2.72818994804755e-05	2.72796797536774e-05	3.24890310644813e-05
CT>AA	9.03608701287993e-18	9.036966293971e-18	9.79798171680179e-18	9.79788871975156e-18	9.77259593283436e-18
CT>AC	1.0095628189169e-17	1.00966105718039e-17	1.0946860103949e-17	1.09467562023773e-17	1.09184976683216e-17
CT>AG	0.00125945460577751	0.00125957716044286	0.001365647894156	0.00136563493217776	0.00136210961010744
CT>GA	0.00186919056571742	0.00186937245240329	0.00202679489053312	0.00202677565331144	0.00202154362769914
CT>GC	0.0155932475001026	0.0155947648435783	0.0169080215466934	0.0169078610650581	0.0168642142203779
CT>GG	0.00399826858976989	0.00399865765219956	0.0043353901401778	0.00433534899104052	0.00432415749240459
CT>TA	9.03608701287993e-18	9.036966293971e-18	9.79798171680179e-18	9.79788871975156e-18	9.77259593283436e-18
CT>TC	0.0631726437183642	0.063178790904753	0.0684991642148091	0.0684985140584402	0.0683216883799925
CT>TG	9.03608701287993e-18	9.036966293971e-18	9.79798171680179e-18	9.79788871975156e-18	9.77259593283436e-18
GC>AA	9.03608701287993e-18	8.98704204614045e-18	8.93995010010048e-18	8.93964977155681e-18	8.98241972855073e-18
GC>AG	7.29684017633004e-05	7.25723528062227e-05	7.21920749233778e-05	7.21896497039433e-05	7.25350265690491e-05
GC>AT	0.000349848501604865	0.000347949636742163	0.000346126386618934	0.000346114758854523	0.000347770675331058
GC>CA	0.000669709988786456	0.000666075018906428	0.000662584797241961	0.000662562538378658	0.000665732435633739
GC>CG	0.00264885294072255	0.00263447582104781	0.00262067121297193	0.00262058317418425	0.00263312082750658
GC>TA	6.23729900004102e-06	6.20344495220314e-06	6.170939007149e-06	6.17073170072064e-06	6.20025432590228e-06
TA>AT	0.0557758468272899	0.0553124433348494	0.0557473915480153	0.0557450179423308	0.0552592660985486
TA>CG	0.00304867979969954	0.00302335039733496	0.00304712444841303	0.00304699470831737	0.00302044375628267
TA>CT	0.0290874039905759	0.0288457365778515	0.0290725644094488	0.029071326561323	0.0288180043632215
TA>GC	0.00150934639263813	0.00149680626228714	0.0015085763662635	0.00150851213428171	0.00149536723671699
TA>GG	0.00430813440547705	0.00427234105328317	0.00430593651562627	0.0043057531779829	0.00426823363592731
TA>GT	0.026288615977737	0.0260702017868555	0.0262752042600861	0.0262740855176219	0.0260451379640112
TC>AA	0.0195915160898724	0.0196938448407757	0.0211814195816134	0.0211815844463469	0.0213554945712861
TC>AG	3.99826858976989e-06	4.01915200832158e-06	4.32273869012519e-06	4.32277233598918e-06	4.35826419822167e-06
TC>AT	0.00228900876764326	0.0023009645247641	0.00247476790009667	0.0024747871623538	0.00249510625348191
TC>CA	0.0027088269695691	0.00272297548563787	0.00292865546255982	0.00292867825763267	0.00295272399429518
TC>CG	0.00162929445033123	0.00163780444339104	0.00176151601622602	0.00176152972691559	0.00177599266077533
TC>CT	0.00918602208499631	0.00923400173911883	0.00993149214056263	0.00993156944193512	0.0100131119954143
TC>GA	9.03608701287993e-18	9.08328353880676e-18	9.76938943968292e-18	9.76946547933552e-18	9.84967708798096e-18
TC>GG	0.000705694406094385	0.000709380329468758	0.000762963378807096	0.000762969317302089	0.000769233630986125
TC>GT	9.03608701287993e-18	9.08328353880676e-18	9.76938943968292e-18	9.76946547933552e-18	9.84967708798096e-18
TG>AA	0.0225902175321999	0.0225865373304628	0.0239423640212732	0.0239424816164798	0.024104135497375
TG>AC	0.00261886592629928	0.00261843928344303	0.00277561919184672	0.00277563282456536	0.00279437323022666
TG>AT	0.00128944162020079	0.00128923155558836	0.00136662166316117	0.00136662837545393	0.00137585552175282
TG>CA	0.0238896548238751	0.0238857629291177	0.0253195796508154	0.0253197040103481	0.0254906565658081
TG>CC	0.0010495455048146	0.00104937452199053	0.00111236647001491	0.00111237193350902	0.00111988240142672
TG>CT	9.03608701287993e-18	9.03461493218511e-18	9.57694560850925e-18	9.57699264659189e-18	9.64165419894997e-18
TG>GA	0.00824642896640039	0.00824508552992558	0.00874002226440281	0.00874006519185655	0.00879907601120988
TG>GC	0.00387832053207679	0.00387768870983166	0.00411045895586459	0.00411047914477617	0.00413823211193871
TG>GT	0.00870622985422393	0.0087048115109881	0.00922734471793315	0.00922739003891765	0.00928969115850159
TT>AA	0.234898279648981	0.235387282038808	0.225085871605868	0.225088980202321	0.224482403969931
TT>AC	0.0399826858976989	0.0400659203470312	0.0383124887839776	0.0383130179067781	0.038209770888499
TT>AG	0.0538766692471492	0.0539888276676245	0.0516260786364098	0.0516267916293834	0.0514876662722523
TT>CA	0.0976577103051295	0.0978610104476238	0.0935782538548653	0.0935795462373053	0.0933273653951587
TT>CC	0.0353846770194635	0.0354583395071226	0.0339065525738202	0.0339070208474985	0.0338156472363216
TT>CG	0.0026688442836714	0.00267440018316433	0.0025573586263305	0.00255739394527743	0.0025505022068073
TT>GA	0.0435811276284918	0.043671853178264	0.0417606127745356	0.0417611895183881	0.0416486502684639
TT>GC	0.00366841143111387	0.00367604819184011	0.00351517084592994	0.00351521939294688	0.00350574647901978
TT>GG	9.03608701287993e-18	9.05489799842905e-18	8.65862246517892e-18	8.65874204693182e-18	8.63540822080075e-18
