	DBS1_GRCh37	DBS1_GRCh38	DBS1_mm9	DBS1_mm10	DBS1_rn6
AC>CA	4.97126349633023e-05	5.01701937314426e-05	5.22346131803265e-05	5.22348709862679e-05	5.28616004341466e-05
AC>CG	2.64067115298024e-05	2.66497608553337e-05	2.77463538825074e-05	2.77464908257036e-05	2.80794014378565e-05
AC>CT	0.00429109062359289	0.00433058613899172	0.00450878250590746	0.00450880475917684	0.00456290273365169
AC>GA	0.000127032286525943	0.00012820150108437	0.00013347677814691	0.00013347743692668	0.000135078938735143
AC>GG	5.71145162254439e-05	5.76402024560437e-05	6.00120002534536e-05	6.00122964449878e-05	6.07323417462731e-05
AC>GT	0.00296075250485663	0.00298800348984044	0.00311095482925083	0.00311097018348798	0.00314829652485058
AC>TA	0.00120030506953647	0.00121135276615153	0.00126119790375033	0.00126120412844107	0.00127633642899348
AC>TG	0.000172043726633561	0.000173627229815052	0.000180771699537548	0.00018077259174322	0.000182941554822399
AC>TT	0.0265067369522638	0.0267507069191796	0.02785145370782	0.0278515911697404	0.0281857628069393
AT>CA	0.000482122536263817	0.000484052925155735	0.00045570038901867	0.000455697356068481	0.000447633641416211
AT>CC	0.000297075504710277	0.000298264976703845	0.000280794638046774	0.000280792769195723	0.000275824048756461
AT>CG	3.98101181396264e-06	3.99695153966769e-06	3.76283723712512e-06	3.76281219326256e-06	3.69622799343676e-06
AT>GA	0.0021205389561811	0.00212902946334057	0.00200432536248875	0.00200431202254186	0.00196884506183063
AT>GC	0.000174044235082789	0.000174741097462859	0.000164505949562757	0.000164504854680323	0.000161593887150251
AT>TA	0.00234059488559612	0.0023499664831212	0.00221232139067155	0.00221230666639055	0.0021731591720206
CC>AA	1.06026947809055e-05	1.05918794343151e-05	1.05861436224853e-05	1.05861371683443e-05	1.05881611899156e-05
CC>AG	1.23031269627489e-05	1.22905770794412e-05	1.22839213732614e-05	1.22839138840223e-05	1.22862625128267e-05
CC>AT	0.0187047540002767	0.0186856740963861	0.0186755552585355	0.0186755438724565	0.0186791145520209
CC>GA	0.00013403406609824	0.000133897343792286	0.000133824834472929	0.000133824752882844	0.000133850339570632
CC>GG	9.82249648570681e-05	9.81247698537496e-05	9.80716324271757e-05	9.80715726350392e-05	9.8090323476388e-05
CC>GT	0.006921759234327	0.00691469864957177	0.00691095413845271	0.00691094992499462	0.00691227126737887
CC>TA	0.0104026439359828	0.0103920326525356	0.0103864050635706	0.0103863987312058	0.0103883845636908
CC>TG	0.00255064827276501	0.00254804646768902	0.00254666662616393	0.00254666507351681	0.0025471519843665
CC>TT	0.858218124718579	0.857342693834187	0.85687841774457	0.856877895324478	0.857041726504491
CG>AT	6.03153297442078e-07	6.16653830871348e-07	5.0623775986556e-07	5.06200281207227e-07	5.96668731778148e-07
CG>GC	5.42137789740641e-06	5.54272597565955e-06	4.55026311520952e-06	4.54992624236016e-06	5.36309208331271e-06
CG>GT	1.70043218184334e-06	1.73849338719949e-06	1.42720429812845e-06	1.42709863690263e-06	1.68215065343757e-06
CG>TA	0.000356090503962487	0.000364060968142951	0.000298873370666898	0.000298851243963139	0.000352262136837513
CG>TC	1.2603203230133e-05	1.28853039286551e-05	1.0578102444952e-05	1.05773193088078e-05	1.24677048431255e-05
CG>TT	0.000124031523852102	0.000126807752948668	0.000104101960569369	0.00010409425351525	0.000122698047662504
CT>AA	2.77070420218003e-05	2.7933194990298e-05	2.89171121930797e-05	2.89170496739541e-05	2.85459714035031e-05
CT>AC	0.000419106520113152	0.000422527389925446	0.000437410469635392	0.00043740952394898	0.000431796462746129
CT>AG	2.85072454014913e-18	2.8739929863664e-18	2.97522634477534e-18	2.97521991230214e-18	2.93704037906079e-18
CT>GA	8.92226768355445e-05	8.99509383803096e-05	9.31193648961264e-05	9.31191635710001e-05	9.19242111621831e-05
CT>GC	0.000252064064602659	0.000254121485110291	0.00026307264522224	0.000263072076456188	0.000259696201938006
CT>GG	1.08027456258283e-05	1.08909207904411e-05	1.12745419380961e-05	1.12745175624081e-05	1.11298372259146e-05
CT>TA	0.00781198549423322	0.00787574920123564	0.00815316412375278	0.00815314649651919	0.00804852117911043
CT>TC	0.0105026693584441	0.0105883952129288	0.0109613602175933	0.0109613365190078	0.0108206750807502
CT>TG	0.00224056946313475	0.00225885764542482	0.00233842351308658	0.00233841845738834	0.00230841068389339
GC>AA	0.00158040167488969	0.00158449926475142	0.00150497992834411	0.0015049404004636	0.00149659933088636
GC>AG	0.000107027202033669	0.000107304697043293	0.000101919526792924	0.000101916849904814	0.000101351980003064
GC>AT	4.87123807386885e-05	4.88386798692369e-05	4.63876724749102e-05	4.63864541155552e-05	4.61293591228897e-05
GC>CA	5.76146433377507e-05	5.77640238289127e-05	5.48650910586208e-05	5.48636500422173e-05	5.45595705437053e-05
GC>CG	5.1513092567607e-06	5.16466532498091e-06	4.90547255124821e-06	4.90534371037186e-06	4.87815604687643e-06
GC>TA	8.27210243755553e-07	8.29354994904702e-07	7.87733165025684e-07	7.8771247543253e-07	7.8334661179938e-07
TA>AT	0.000505128383429933	0.000504971228544323	0.000485946755862524	0.000485929626879327	0.000476744660112866
TA>CG	7.55191939583364e-06	7.54956985249432e-06	7.26514456784565e-06	7.26488848106716e-06	7.12756868089532e-06
TA>CT	0.000702178465678837	0.00070196000482795	0.000675514104189092	0.00067549029320651	0.000662722279998479
TA>GC	2.01051099147359e-05	2.00988548390908e-05	1.93416431541321e-05	1.93409613866821e-05	1.8975381521324e-05
TA>GG	7.03178719903451e-05	7.0295994785477e-05	6.76476374992781e-05	6.7645253009142e-05	6.63666328830386e-05
TA>GT	0.00115029235830579	0.00114993448084351	0.00110661142424139	0.001106572417646	0.00108565615669267
TC>AA	1.09027710482896e-05	1.10480988298362e-05	1.13457300586367e-05	1.13459015269383e-05	1.13214904797758e-05
TC>AG	3.09078555405642e-06	3.13198398020127e-06	3.21635833772362e-06	3.21640694662748e-06	3.20948675068874e-06
TC>AT	0.00246062539254977	0.00249342413957771	0.00256059595818773	0.00256063465653838	0.00255512537433472
TC>CA	4.42112367279268e-06	4.48005475485101e-06	4.60074558341048e-06	4.60081511459336e-06	4.59091632299166e-06
TC>CG	3.3008389412253e-05	3.34483726040912e-05	3.43494579756891e-05	3.43499770999051e-05	3.42760720947341e-05
TC>CT	0.00190048302676608	0.00192581539235676	0.00197769606526694	0.00197772595423696	0.0019734708175756
TC>GA	6.42163212202013e-05	6.50722885206865e-05	6.68253091527042e-05	6.682631908527e-05	6.66825402570281e-05
TC>GG	0.000411104486316242	0.000416584276978227	0.000427806885697219	0.000427813351153364	0.000426892897907143
TC>GT	0.00510129654553001	0.005169293947905	0.00530855259624286	0.00530863282453079	0.00529721114191345
TG>AA	0.00137034828772081	0.00138117400432027	0.00139793221830418	0.00139794933058722	0.00139292339733344
TG>AC	0.000237060251233454	0.000238933021185331	0.000241832069881818	0.000241835030181877	0.000240965580414617
TG>AT	0.00241061268131908	0.00242965646015462	0.00245913623803873	0.00245916634066802	0.00245032510041867
TG>CA	0.00027907092866723	0.000281275581901718	0.000284688386063405	0.000284691870973601	0.000283668341500751
TG>CC	0.000103026185135214	0.000103840089375903	0.000105100013492942	0.000105101300036849	0.000104723437901711
TG>CT	0.0018504703155354	0.00186508898393613	0.0018877186889509	0.00188774179677836	0.00188095495260355
TG>GA	0.000407103469417787	0.000410319576465947	0.000415298111569196	0.000415303195291239	0.00041381008957278
TG>GC	8.89226005681604e-05	8.96250868496873e-05	9.07125359176943e-05	9.07136463424844e-05	9.03875109656514e-05
TG>GT	0.00190048302676608	0.00191549679431277	0.00193873811297659	0.00193876184533993	0.00193179157294418
TT>AA	0.00549139569312937	0.00554720337294364	0.00506476937531443	0.00506487644617206	0.00499931304570189
TT>AC	0.000720183041721884	0.000727502081697526	0.000664232049221564	0.000664246091301253	0.000655647612551066
TT>AG	0.000418106265888538	0.00042235537520773	0.00038562360635363	0.000385631758561005	0.000380639863953258
TT>CA	0.000725184312844953	0.000732554179487092	0.000668844771785603	0.000668858911379734	0.00066020072097156
TT>CC	0.00542137789740641	0.00547647400388971	0.00500019125941789	0.00500029696507333	0.00493556952781498
TT>CG	8.38213040226304e-05	8.46731589531287e-05	7.73092301732876e-05	7.73108645153403e-05	7.63100971274714e-05
TT>GA	0.00186047285778153	0.0018793803777186	0.00171593279382237	0.0017159690691949	0.00169375633242359
TT>GC	0.00106026947809055	0.00107104473138802	0.00097789718357619	0.000977917856637954	0.000965258985144624
TT>GG	0.0016104093016281	0.0016267754882403	0.00148529666562044	0.00148532806527086	0.00146610091139891
