	DBS5_GRCh37	DBS5_GRCh38	DBS5_mm9	DBS5_mm10	DBS5_rn6
AC>CA	0.0021398219882088	0.00214198792883815	0.00217370119756258	0.00217371209289916	0.00221884263771779
AC>CG	0.00046196156941704	0.00046242916968375	0.00046927567909996	0.000469278031270753	0.000479021167582064
AC>CT	0.0020198319701784	0.00202187645619302	0.00205181141078337	0.00205182169516649	0.00209442155522894
AC>GA	0.00055795358384136	0.000558518347799854	0.000566787508523328	0.000566790349456883	0.000578558033573142
AC>GG	1.1099076667812e-17	1.11103112196745e-17	1.1274805277077e-17	1.12748617902713e-17	1.15089501302184e-17
AC>GT	0.00082193162350824	0.000822763587619139	0.00083494503943759	0.000834949224468742	0.000852284415048607
AC>TA	0.0014798768890416	0.00148137482928993	0.00150330737027693	0.00150331490536951	0.00153452668402912
AC>TG	0.0011199068349504	0.00112104041135454	0.0011376380099393	0.00113764371217152	0.00116126343656258
AC>TT	0.0074693786223924	0.00747693917215933	0.00758763922700583	0.00758767725885827	0.00774521238493078
AT>CA	0.00010799101622736	0.000107543315783846	9.86825114541465e-05	9.86818622440473e-05	9.77750948108683e-05
AT>CC	2.1298228200396e-05	2.12099317240363e-05	1.94623842034567e-05	1.94622561647982e-05	1.92834214765879e-05
AT>CG	1.049912657766e-17	1.04556001456517e-17	9.59413305804202e-18	9.59406994039348e-18	9.50591199550108e-18
AT>GA	0.0011099076667812	0.00110530630111175	0.00101423692327873	0.0010142302508416	0.00100491069666726
AT>GC	1.049912657766e-17	1.04556001456517e-17	9.59413305804202e-18	9.59406994039348e-18	9.50591199550108e-18
AT>TA	0.00079293403581756	0.000789646753857315	0.00072458547762165	0.000724580710736384	0.00071792268689832
CC>AA	1.049912657766e-17	1.04032807495661e-17	1.01345692058255e-17	1.01345638053791e-17	1.02242812719791e-17
CC>AG	0.024297978651156	0.0240761640204245	0.0234542887334818	0.0234542762353059	0.0236619080865803
CC>AT	0.0024297978651156	0.00240761640204245	0.00234542887334818	0.00234542762353059	0.00236619080865803
CC>GA	6.7594376823792e-05	6.69773122543496e-05	6.52473217441716e-05	6.52472869755835e-05	6.58248965700752e-05
CC>GG	1.1899010121348e-05	1.17903848495083e-05	1.14858450999355e-05	1.14858389794296e-05	1.15875187749097e-05
CC>GT	2.4797937059616e-05	2.45715583418324e-05	2.39368872670925e-05	2.39368745117525e-05	2.41487786233412e-05
CC>TA	0.0012698943574884	0.00125830157637609	0.00122580027537127	0.00122579962217442	0.00123665116337271
CC>TG	0.0048095998893852	0.0047656933719441	0.00464259789333529	0.00464259541941652	0.00468369456363996
CC>TT	1.049912657766e-17	1.04032807495661e-17	1.01345692058255e-17	1.01345638053791e-17	1.02242812719791e-17
CG>AT	0.0016398635797488	0.0016629600883285	0.00133065401504395	0.00133055560398615	0.00158193496704019
CG>GC	9.9191748238464e-05	0.000100588805342797	8.04883404221705e-05	8.04823877533089e-05	9.56877736160898e-05
CG>GT	0.0064794609736416	0.00657072034900529	0.00525770610822243	0.00525731726453066	0.00625057230879296
CG>TA	1.049912657766e-17	1.06470005655178e-17	8.51943119387893e-18	8.51880112308209e-18	1.01282421670256e-17
CG>TC	2.9797521144216e-05	3.02172016049935e-05	2.41789571026278e-05	2.41771689016996e-05	2.87449158645108e-05
CG>TT	0.0022198153335624	0.00225108011956663	0.00180125116670583	0.00180111795173736	0.00214139977245685
CT>AA	0.46596123668472	0.465951395764967	0.470159422987546	0.470158442607783	0.468144348091999
CT>AC	0.20898261473628	0.208978201104889	0.210865492284114	0.210865052585894	0.209961735517656
CT>AG	0.026697779011764	0.0266972151650743	0.0269383188707456	0.0269382626987721	0.0268228628627819
CT>GA	0.016098660752412	0.0160983207549699	0.0162437053864796	0.0162436715149899	0.016174085846097
CT>GC	0.004849596562062	0.0048494941404723	0.00489329013195192	0.00489327992842864	0.00487231778593604
CT>GG	0.0005699525856444	0.000569940548467878	0.000575087706229401	0.000575086507052438	0.000572622915048154
CT>TA	0.0033397221685128	0.00333965163488195	0.00336981217334421	0.00336980514658797	0.00335536936186111
CT>TC	0.00023698028561004	0.000236975280678749	0.000239115414695383	0.000239114916090224	0.00023809058046739
CT>TG	0.00087392729798808	0.00087390884098408	0.000881801149551748	0.000881799310813738	0.000878021803073835
GC>AA	0.00013298893665036	0.000132251453064467	0.000122436058153998	0.000122432851808267	0.000122808636966394
GC>AG	0.0026597787330072	0.00264502906128933	0.00244872116307996	0.00244865703616535	0.00245617273932788
GC>AT	0.0015698694025644	0.00156116376925724	0.00144529782933667	0.00144525997999233	0.00144969594012961
GC>CA	0.0045796190214936	0.0045542229701899	0.00421621914545346	0.00421610873144259	0.00422904930305326
GC>CG	0.00032297313186516	0.000321182100299419	0.000297344712659709	0.000297336925820078	0.000298249546918385
GC>TA	0.00022198153335624	0.000220750545716628	0.000204366954211936	0.000204361602266431	0.000204988852680748
TA>AT	0.0018698444476404	0.00185408960514584	0.00173909374347593	0.00173903257627713	0.00172093662062967
TA>CG	7.8893436854988e-06	7.82287004524101e-06	7.33767360215243e-06	7.33741552236713e-06	7.26106413730916e-06
TA>CT	0.0022698111744084	0.00225068631212891	0.00211109240518201	0.00211101815409042	0.0020890514057911
TA>GC	5.2195657843224e-05	5.17558702612903e-05	4.85458253526435e-05	4.85441179046343e-05	4.80389794635663e-05
TA>GG	0.0016298644115796	0.001616131580956	0.00151589454645228	0.00151584122958915	0.00150006774953282
TA>GT	0.0019098411203172	0.00189374927584415	0.00177629360964653	0.00177623113405846	0.00175774809914582
TC>AA	0.040396639403568	0.0406028271297742	0.04064165554995	0.0406422728898124	0.040906025369619
TC>AG	0.014898760572108	0.014974805055288	0.0149891254379766	0.0149893531202526	0.0150866281684981
TC>AT	0.00074793777905616	0.000751755314184929	0.000752474216617886	0.000752485646573754	0.000757368984566212
TC>CA	0.0014298810481956	0.00143717927711825	0.00143855364941655	0.00143857550080276	0.00144791129402364
TC>CG	1.0599118259352e-17	1.06532170191982e-17	1.06634046739968e-17	1.06635666493072e-17	1.07327690326228e-17
TC>CT	0.001049912657766	0.00105527149718473	0.00105628065166949	0.00105629669639364	0.00106315164945792
TC>GA	2.4597953696232e-05	2.47235036483279e-05	2.47471466962567e-05	2.47475226012224e-05	2.49081243587284e-05
TC>GG	3.4797105228816e-05	3.49747124781224e-05	3.50081587410461e-05	3.50086905090463e-05	3.52358832391767e-05
TC>GT	3.8596789133112e-05	3.87937902774576e-05	3.88308887185166e-05	3.88314785531376e-05	3.9083479684834e-05
TG>AA	0.01799850270456	0.0179934395849107	0.0177509716051337	0.0177511902606205	0.0178405394385244
TG>AC	0.0014598785527032	0.00145946787744276	0.00143980103019418	0.00143981876558366	0.00144706597668031
TG>AT	0.020398303065168	0.0203925648628988	0.0201177678191516	0.0201180156287032	0.0202192780303277
TG>CA	0.00047596040485392	0.000475826513467639	0.00046941458244687	0.000469420364669742	0.000471783154040979
TG>CC	0.00050595790936152	0.000505815579442491	0.000498999535122093	0.000499005681770776	0.00050151738643852
TG>CT	0.00032797271594976	0.000327880454658373	0.000323462149249103	0.000323466133637973	0.000325094274213112
TG>GA	0.0032697279913284	0.00326880819125878	0.00322475984159929	0.00322479956401272	0.00324103133133194
TG>GC	0.00029197571054064	0.000291893575488552	0.000287960206038836	0.000287963753116732	0.000289413195336063
TG>GT	0.082693120759284	0.0826698585373399	0.0815558528746976	0.0815568574751842	0.0819673673092205
TT>AA	0.0049195907392464	0.00492924838783148	0.00438668560929518	0.00438677868216746	0.00436748981577387
TT>AC	0.00096591964514472	0.000967815842001059	0.00086128827206893	0.000861306546132879	0.000857519341877552
TT>AG	0.00089292571750956	0.000894678619986486	0.000796201270142396	0.000796218163247061	0.000792717155586599
TT>CA	1.049912657766e-17	1.0519737413055e-17	9.3618290442275e-18	9.36202767535738e-18	9.32086241171253e-18
TT>CC	0.00077293569947916	0.000774453049551572	0.000689208938208368	0.000689223561242977	0.000686193013738456
TT>CG	1.049912657766e-17	1.0519737413055e-17	9.3618290442275e-18	9.36202767535738e-18	9.32086241171253e-18
TT>GA	2.9897512825908e-05	2.99562046333661e-05	2.66589227068955e-05	2.66594883326844e-05	2.6542265343829e-05
TT>GC	5.6595291837672e-05	5.67063940551345e-05	5.04647165622169e-05	5.04657872785931e-05	5.02438869050409e-05
TT>GG	1.049912657766e-17	1.0519737413055e-17	9.3618290442275e-18	9.36202767535738e-18	9.32086241171253e-18
