	DBS2_GRCh37	DBS2_GRCh38	DBS2_mm9	DBS2_mm10	DBS2_rn6
AC>CA	0.000374079158890813	0.00037763192433099	0.000394183059661277	0.000394185454191177	0.000398340375169071
AC>CG	3.17067094567882e-05	3.20078395756481e-05	3.34107031851939e-05	3.34109061440116e-05	3.37630745798384e-05
AC>CT	0.000126026668503322	0.000127223589480494	0.000132799640420644	0.000132800447133926	0.00013420023334573
AC>GA	0.00023705016218482	0.000239301513546644	0.000249789799838831	0.000249791317228099	0.000252424248436015
AC>GG	4.17088260046709e-18	4.21049498518778e-18	4.39503571868323e-18	4.39506241705136e-18	4.44138867501344e-18
AC>GT	0.000280059263340716	0.000282719087734432	0.000295110312045877	0.000295112104742058	0.000298222740768289
AC>TA	0.00148031324908664	0.00149437232088199	0.00155986879224249	0.0015598782679223	0.00157632020120381
AC>TG	6.3613461244534e-06	6.42176213568208e-06	6.70321994504205e-06	6.70326066485531e-06	6.77391654030826e-06
AC>TT	0.00292061803198175	0.00294835620065907	0.00307757896847842	0.0030775976637386	0.00311003715372644
AT>CA	3.78080005509966e-05	3.79704129765047e-05	3.58383924341285e-05	3.58381947328358e-05	3.51533150613642e-05
AT>CC	4.17088260046709e-18	4.18879952677314e-18	3.95360043519355e-18	3.95357862528903e-18	3.87802443930923e-18
AT>CG	4.17088260046709e-18	4.18879952677314e-18	3.95360043519355e-18	3.95357862528903e-18	3.87802443930923e-18
AT>GA	0.000168035558004429	0.000168757391006687	0.000159281744151682	0.00015928086547927	0.000156236955828285
AT>GC	5.85123818051138e-06	5.87637343684001e-06	5.54641787671037e-06	5.54638728008173e-06	5.44039399759208e-06
AT>TA	0.000458096937893028	0.000460064792149184	0.000434232373937325	0.000434229978508963	0.000425931701008064
CC>AA	0.724153238066708	0.723624795251583	0.725094886662914	0.72509527055838	0.724189213793669
CC>AG	0.0726153661376284	0.0725623758774377	0.0727097911211706	0.0727098296167657	0.0726189736483707
CC>AT	0.100021165478827	0.0999481761397214	0.100151227439629	0.100151280463864	0.100026134501888
CC>GA	0.0177037462897524	0.0176908271767307	0.0177267672568143	0.017726776642104	0.0177046258068342
CC>GG	0.000450095244654721	0.000449766792628746	0.00045068052347833	0.00045068076208739	0.000450117605258495
CC>GT	0.0011002328202671	0.00109942993753694	0.00110166350183592	0.00110166408510251	0.00110028747952077
CC>TA	0.0160033864766123	0.0159917081823554	0.0160241963903406	0.0160242048742183	0.0160041815203021
CC>TG	0.00023705016218482	0.00023687717745114	0.000237358409031921	0.000237358534699359	0.000237061938769474
CC>TT	4.17088260046709e-18	4.16783894502638e-18	4.17630618423253e-18	4.17630839534315e-18	4.17108980872873e-18
CG>AT	0.00115024340300651	0.0011763313521222	0.000968187393958088	0.000968116818256125	0.00113949550023585
CG>GC	0.000369078100616872	0.000377448929507038	0.000310661868148291	0.000310639222553487	0.000365629425727851
CG>GT	0.00128027091812899	0.00130930793975341	0.00107763466457944	0.00107755611075465	0.00126830803504512
CG>TA	4.17088260046709e-18	4.26547977247791e-18	3.5107316807002e-18	3.51047576706786e-18	4.13190977042043e-18
CG>TC	0.00215045505779478	0.00219922818005455	0.00181008947566077	0.00180995752978319	0.00213036115261485
CG>TT	0.00556117680062278	0.00568730636330387	0.00468097557426693	0.00468063435609048	0.00550921302722724
CT>AA	0.00321067941187035	0.00323782659890067	0.00336050497838121	0.00336050154094335	0.0033125992306943
CT>AC	4.17088260046709e-18	4.20614857240368e-18	4.36551581303728e-18	4.36551134758062e-18	4.3032831127711e-18
CT>AG	0.000587124241360715	0.000592088540048191	0.000614522249940739	0.000614521621350077	0.000605761915394876
CT>GA	1.81038309516677e-05	1.82569038754212e-05	1.89486417784112e-05	1.89486223959734e-05	1.86785190266563e-05
CT>GC	0.000134028361741628	0.000135161608801461	0.000140282762337409	0.000140282618843118	0.000138282958539886
CT>GG	8.98190065999866e-05	9.05784512714267e-05	9.40103884917858e-05	9.40102923291941e-05	9.26702214692671e-05
CT>TA	0.00338071539318435	0.00340930028170849	0.00353847564701822	0.00353847202753536	0.00348803283481206
CT>TC	3.84081275438696e-05	3.87328789401202e-05	4.02004333862425e-05	4.02003922654906e-05	3.96273552830719e-05
CT>TG	0.000390082545367425	0.000393380801735595	0.000408285651579025	0.000408285233946388	0.000402465327093699
GC>AA	0.00508107520632441	0.00509572963466284	0.00485245697103084	0.00485233504998247	0.00481849018824347
GC>AG	0.000325068787806188	0.000326006325052249	0.000310442621178154	0.000310434821111083	0.00030826954944471
GC>AT	0.000953201707013219	0.00095595085469167	0.000910313286100863	0.000910290413904191	0.000903941171140949
GC>CA	0.00106022435407557	0.00106328216786272	0.00101252054907337	0.00101249510885461	0.00100543299203506
GC>CG	6.69141597053353e-05	6.71071481415245e-05	6.39034195594416e-05	6.39018139456353e-05	6.34561011010804e-05
GC>TA	0.000736155777924165	0.000738278939195246	0.000703033135960373	0.000703015471808484	0.000698111964280943
TA>AT	0.00275058205066774	0.00275052540183135	0.00265371550957686	0.00265362499239527	0.00259971631674808
TA>CG	1.89040002754983e-05	1.89036109434954e-05	1.82382629567282e-05	1.82376408568257e-05	1.78671412314686e-05
TA>CT	0.000280059263340716	0.000280053495459192	0.000270196488247826	0.000270187271952974	0.000264698388614351
TA>GC	8.22173980235957e-05	8.22157047383769e-05	7.93219690498974e-05	7.93192634090514e-05	7.77078840860699e-05
TA>GG	7.89166995627943e-05	7.89150742561793e-05	7.61375104384051e-05	7.61349134181771e-05	7.45882245059722e-05
TA>GT	0.00130027515122475	0.00130024837177482	0.00125448369543633	0.00125444090549595	0.00122895680428091
TC>AA	0.00145030689944299	0.00147006576888118	0.00151355536060381	0.0015135799591519	0.00150814784169954
TC>AG	0.000200042330957654	0.000202767692259473	0.000208766256635009	0.000208769649538194	0.000208020391958557
TC>AT	4.17088260046709e-18	4.22770638361003e-18	4.35277645083994e-18	4.35284719287134e-18	4.33722517233592e-18
TC>CA	0.0006821443485656	0.000691437830604804	0.00071189293512538	0.000711904504925241	0.00070934953657868
TC>CG	3.89082333712637e-06	3.94383161444676e-06	4.06050369155092e-06	4.06056968351786e-06	4.04599662359394e-06
TC>CT	0.00335070904354071	0.00339635884534619	0.00349683479863641	0.00349689162976475	0.00348434156530584
TC>GA	0.000885187314487617	0.000897247038248169	0.000923790685609914	0.000923805699206507	0.000920490234416615
TC>GG	9.87208903276021e-06	1.0006585613005e-05	1.03026147649377e-05	1.03027822047098e-05	1.02658063431548e-05
TC>GT	8.57181388153546e-05	8.68859561331843e-05	8.94563409681012e-05	8.94577948271159e-05	8.91367379542417e-05
TG>AA	0.00296062649817328	0.00298488256850051	0.00302887686441813	0.00302891739162004	0.00301368033506594
TG>AC	0.000220046564053419	0.000221849380091253	0.000225119226409455	0.000225122238566354	0.000223989754633279
TG>AT	0.00429090799904168	0.00432606291177945	0.00438982491498438	0.0043898836520439	0.00436780021534894
TG>CA	0.000144030478289511	0.000145210503332457	0.000147350766377098	0.000147352737970705	0.000146611475759965
TG>CC	5.94125722944232e-05	5.98993326246385e-05	6.07821911305529e-05	6.07830044129155e-05	6.04772337509853e-05
TG>CT	0.00307064978019999	0.00309580725854613	0.00314143647762285	0.00314147851090321	0.00312567521238258
TG>GA	0.00147031113253876	0.00148235722151883	0.00150420574009955	0.00150422586678428	0.00149665881504964
TG>GC	0.000272057570102409	0.00027428650629464	0.000278329225378962	0.000278332949500219	0.000276932787546599
TG>GT	0.00640135459064493	0.0064538001481092	0.00654892295009325	0.00654901057647576	0.00651606558933176
TT>AA	0.00431091223213744	0.00435598849704567	0.00398739224630384	0.00398748108327821	0.00393019469215492
TT>AC	0.000345073020901953	0.00034868121380064	0.00031917640950692	0.000319183520587235	0.000314597950996159
TT>AG	0.000215045505779478	0.000217294089759819	0.00019890703780866	0.000198911469351465	0.000196053795548331
TT>CA	4.17088260046709e-18	4.21449467115556e-18	3.85787138447495e-18	3.85795733579354e-18	3.8025317555188e-18
TT>CC	2.98063073126904e-06	3.01179715108958e-06	2.75694405892933e-06	2.75700548217379e-06	2.71739679411175e-06
TT>CG	1.52032171527817e-05	1.53621868109267e-05	1.40622649985657e-05	1.40625782983361e-05	1.38605474062076e-05
TT>GA	4.79101382643581e-05	4.84111018581178e-05	4.43146377257434e-05	4.43156250322567e-05	4.36789618919305e-05
TT>GC	1.54032594837394e-06	1.55643208479127e-06	1.42472948011785e-06	1.42476122233143e-06	1.40429230299735e-06
TT>GG	4.17088260046709e-18	4.21449467115556e-18	3.85787138447495e-18	3.85795733579354e-18	3.8025317555188e-18
